37,5756378173828	55,5597457885742
37,5648498535156	55,5505905151367
37,5159187316895	55,5379638671875
37,7130088806152	55,8159408569336
37,6426429748535	55,8149261474609
37,614688873291	55,8033218383789	
37,6343994140625	55,8195915222168
37,659252166748	55,8561820983887	
37,696346282959	55,8639297485352	
37,5992660522461	55,8976707458496
37,7105484008789	55,7582511901855
37,7445030212402	55,7346534729004
37,3961753845215	55,7154808044434
37,3639221191406	55,6439743041992
37,7301864624023	55,7939872741699
37,7747077941895	55,797492980957	
37,7810211181641	55,8088111877441
37,8101692199707	55,808235168457	
37,7987365722656	55,791374206543	
37,8258934020996	55,800609588623	
37,8351097106934	55,7758522033691
37,8345680236816	55,7433891296387
37,7909469604492	55,7036476135254
37,5976943969727	55,7865295410156
37,5716934204102	55,7893218994141
37,5166015625	55,8167686462402	
37,523265838623	55,8264617919922	
37,4939002990723	55,8015823364258
37,4455261230469	55,8563499450684
37,3705825805664	55,8477058410645
37,5675086975098	55,8561592102051
37,5846481323242	55,7389144897461
37,588493347168	55,7408065795898	
37,581657409668	55,7401962280273	
37,4946479797363	55,7362899780273
37,5944328308105	55,690315246582	
37,6106567382813	55,6446380615234
37,6089134216309	55,6331443786621
37,59521484375	55,6213493347168	
37,558723449707	55,6531257629395	
37,5186233520508	55,596923828125	